907293930936553472
3485488816
796688855273390080
828572493304692736
2388722985
256649219
547776050
363170288
50672302
1162837388
1292225546
963392054
15626978
149829953
3069134914
953300907663527936
2283766542
34520542
3246142454
375010142
226355517
3916896192
822544851468165122
37976660
1951620168
796100784
826631335359954944
1072098477172113408
2710162080
247369712
2661106652
15549433
120147232
866462108875186177
1064361810722242560
38280280
2369583242
829897988868755456
1076580094917906438
37963811
3793265903
1967730470
998764606481936384
134758494
29360052
21985955
175222814
353353397
728755513
2331782069
1342560042
3366389578
734011855
153398407
129349153
448462842
3560787196
1320037645
264129295
24202560
920839072599367680
147669379
453537180
847524200
22270993
846579120
357763216
92630893
934507600489697280
703041399705444352
805863144
806952504797839360
356442121
182690687
1068915822268055552
104125907
287044162
25706043
780558398118952960
126051680
1975108369
1353057031
68240928
1207666226
109152413
2981941096
2413701436
246516797
803951394
860329890
931643396317483008
2474183474
1069322243585523712
978824720228462594
589859710
929117992549474305
363267668
971454375204937731
119811392
901962042
759745059952726016
169286516
921094284
1556746940
103916371
835121494929866754
739821966
3160000296
450928003
58464742
1233735500
453394654
318449012
380591876
1117332200
765898277543940096
964815330538283008
2831513769
35352723
101816634
1038301598
826946219230580736
1029292981495508993
172408097
2533692642
562239383
1065984670628749312
929535091256283137
962722436948135936
1010817258346565633
386220711
1311145945
1061509976118702085
2989083654
57087437
41323914
968256104579903488
157527398
80978352
1005456394231918592
250303143
957735106147422209
1316525672
2966350961
364754341
143782160
800306248943964161
4901298677
2997981791
506150966
2209196301
82068871
2407550562
3104275816
975465309896347649
2719851316
580111882
2891013538
787711655404834816
54029351
213579409
194712998
215290401
194082855
1000761936651476992
881257030551556096
392253796
444057253
1161369241
3985648905
999934418784485376
1003187081529741312
843893555257118724
1000514947942637568
2979552237
4105512795
1316193014
3222556712
1014936811
908959807
61811291
786966018694479873
3480931573
2691250736
1009456255574814722
16221764
2723099668
2600253398
3983660777
777844123663527936
4188073817
921331686239096832
183255769
3547129996
2471399689
4194560177
884697279873114112
4626633161
600343601
490229586
3240211203
593752567
3310470773
1073603554861047808
394543843
81092988
2751716751
977261523830755328
254241242
3082050748
2407743763
29819818
964517173023690752
117855133
475998716
2295148243
934476266346090498
1198435352
700943011
310278275
2506672909
716180246
124886880
853884052981645312
375032761
711966395156865025
2995705253
2936367722
2838016138
1070015812268949506
860243702
1857047828
1377831536
255191756
719650585994244096
355643280
541975364
2240435462
747817810915696640
473833964
541837368
389962419
248156892
845032548
482300713
456642423
1734485952
2825069595
1028261324629991424
896687303078367236
976491270280503296
818416518300057600
963154023242022913
3296117679
1063958100
4211401714
985045437383135237
118866507
3131949352
842434586370007041
993651452
3025583443
799522702340005888
2330720877
236021219
308959237
287634821
309784626
950037697367891968
391486559
742762237341933573
1166296776
606246406
2258859950
2616646343
33022536
731599879060004865
701469669492989953
2307595789
78407182
881225065
3414954743
732993666
32608516
2646453578
22408532
1578329204
73122445
1154778013
249690715
164353291
428721816
3040891696
2595351727
63646818
27243854
35716922
587924026
148363156
1657311517
2854830300
21750844
11381612
1323381012
3320120279
803381983
901625116366442496
3227549084
558227870
54034509
27488328
46830333
48348056
784901587978358784
901131944288825345
2374311686
122953104
795661911790649346
228889057
607413610
331238137
1022929089802498048
440996571
215423949
41204647
601485507
888569839157202946
4319652797
176579845
133752184
51471628
400334965
37036820
1450998594
300211451
256889881
546200258
17373938
134876261
1027677408
29853108
1210346707
267758154
439107911
348530985
1054645296456781824
479088229
937680953555767296
1342848846
214583137
37623651
31009226
120293968
782754906
2240774123
375766773
288495993
948265463141752832
113107366
317906647
92274672
742070951416762368
33287692
842118919
455024291
19599933
972786760387309569
1936979389
219845452
534753659
2690677608
80034004
2309240850
3342264135
1909909705
200284696
4830477393
795394613372719104
3046933360
414473726
1029040467206451200
74331599
1040480179984969728
241204450
531312786
27797493
149623737
67341613
474178244
4288181895
518931648
787333941141368832
121305336
131037538
582755317
139712323
193923344
222987791
2195825944
15513633
203597796
2304107418
442026211
74450233
903446555201589249
28804234
2970110758
1062516234745462785
204284437
823182360
726301132973326336
3621448093
99740489
2291176963
143477335
122798074
507773549
872781961240170496
823470311630835712
1026116583738015744
34209496
2814191961
49273050
1047101379167342592
941181331823841280
989821
894578103279689730
51727985
891437590217281536
82907020
979752282
475308891
69456064
1059434558502752257
1030529963391438848
631662856
78761555
1935891679
964105156022304768
953624314334638082
48211814
1192174273
278263517
143527462
990119935375388672
1026805062016753665
3906974477
1025032534936178693
374707823
10781252
2221649852
19300450
1584789493
231540246
264113167
482286371
12713352
876329031695716352
981599305021698048
851205216934522880
61697350
809696115972939776
780384414228447233
974859727581593600
385509267
75359240
15260932
1251957012
620632841
760069
20476894
906398852474970112
529008588
889505478585090048
51772613
3978705320
18112744
217700401
18303038
9871942
122900338
3021934855
1045505730772709376
294676029
173910489
211132947
1921675898
1856569213
21375829
18646469
918860761954320390
737285859997687808
1051380594494431232
995288225554952193
14100733
822775257530384384
3195208800
808282975829753856
805747735840182272
2970898411
925854203045584896
1917338666
116994501
917979620183564288
477740944
125939204
4848678653
620988316
780371342042345472
767756777131642880
1207558224
1194735319
153686841
148756837
1476004081
2339464962
174987640
103220161
1011520420778917890
3136620979
48710894
704658477784834048
1053274021008003072
1072508461181677568
255335873
3273872478
889781756236144641
948933298041995266
3128888294
2965973978
710071073165815808
1069545309741604865
121346651
841866930088751104
3223691078
566258288
1039009825751851010
812433178476433408
16556884
2158257349
916556849024974848
1072400610098466816
992212893293731842
185686866
3644391379
1069809434556162049
1012961698968289281
44836614
874607001300422657
258267051
1061208001850163201
846697626200240128
1012594398272471040
933242162560450560
112264174
2504841175
736568056814534656
1019000825383796736
439755730
1005812143927640064
905398048397836288
3251480671
1068431613732614145
44603227
4660327562
1017383069701926912
938632281073135616
1034702254568177664
565851691
832932055000289281
1038423263888596992
111298820
107916708
1033781729671016449
1052670920894996481
1059753886053847042
2949233418
1071020389331943424
1016177183771877376
700453850256244736
713638848845099010
1006901446535667712
1044928698594390016
4665657692
749559284376047616
1015937448793157632
713561636758364160
1021280821
704158165747654656
1033917933691461632
142338126
885456113340104704
808196134111821824
974640270321987586
3345841677
957051510503952384
899040312814964736
7522102
1061611588799479808
839129110152564737
909579660517707776
2408815898
2175570745
2427563413
364481227
780476121959702528
4859417183
1007470967486988288
887118634652319744
1014317790298300416
972569533553790976
998366525793824769
995269089458180097
3195116286
458240668
832481960870113282
888309385230860292
3300073644
264801496
921353946593034241
3136606805
763750574575620096
2296216658
2293650636
885677981586395141
857762872595628032
147340177
959724885504286720
1016576369227001857
901340794044375041
561823437
990218675964686337
985543698002800640
3433830561
1009525397858476041
1333971230
2866115428
1067615009822466048
931182452529250304
738020470327545856
2421707124
98893984
141546218
63803129
924509082748321793
1023631368004096000
962289612981878784
248219719
1028169530898448384
920596159617368064
989403694092333056
2843027646
1007941539840995328
133229656
939433372845092864
1063813127379120130
346457949
2270209003
882539925672837120
240146905
953663515037876224
1058582164743184384
1015454725645324294
109857476
778555639429640192
999816789675593728
204288691
1031188559653351424
1058533970005045248
723504270
2181787214
2925831621
767688882578006017
788748377794093060
798596749384450052
844303906968653824
1914260184
1337221681
1069924451804835840
126878544
856618408212910080
967632512141938688
49388955
520859880
2657112313
1019726688123523073
1026059469023858688
770506244725415936
998579648874213377
1050446517394276353
1338822643
1013205119490457603
993179247656124416
1021392971059671040
703307622703878144
1000996505396723712
341465377
190937894
2949885944
1060684832412360709
303225641
4847935095
177106045
733289491218079744
1065452506598170624
51609479
327225766
1042359567785455616
1040826997709070337
979872374131585024
3274236589
1070271175538831361
352139582
1041001390632386563
1022944915481714688
1069143186264678401
4470980493
837896878108762112
835403149384921089
982603571588882432
1044004603610558464
754885840942174208
960227421009178626
3903104068
931478225280102400
935404273805836289
838308592637755392
298353141
3904276152
1604896628
3114238397
1071393725472010242
754808082
1066785400621096960
48975811
769858428596518912
1047690552093765633
103642241
783940289044025344
4636617264
49289210
964720886
45203979
895495988072165378
888031625715613696
883409475721457666
976783447535452161
840470152391016448
522780512
348707236
838254037636014080
765130811809132544
903703374
953595966
1055987824749625344
532164025
2821255943
19320609
943968018110877697
712257661807546368
746370012
937310468762300416
45499811
37962832
549787359
1126372568
752389710215909376
2773052112
1620712466
971528309568888832
1033797485137817600
3024192069
100899292
28788307
1060328148674506753
2551760768
18774020
17137628
2585905254
932924478228746240
6689552
64385029
1008167701
129062425
1631340914
2950148806
831097359606099969
1319835678
1726880654
2600822155
359491722
444346606
206739720
256105693
322721291
1009528329945300992
2369446464
197172610
1012254926687350785
819925069988331520
255631085
162530007
3295953308
2963426230
906553939671371776
28454643
222510697
34473006
71956895
862743740
929055563358593024
915871274282479616
801980406
1010229166929858560
342075774
94101860
212384162
85294224
996363557951426560
3348979881
3226498759
998621955766063104
286884341
162006900
897374935915651072
1396105393
4926157651
369165255
712084091475111937
1055075821617143808
512228876
3328076603
2790415575
2595739767
3079743790
992222665153925120
38668054
17934715
138864756
1034058171697057792
3189995167
105532694
216224127
15201665
193377973
382447680
954013698041040896
717435420045402113
556129201
1184048749
2726809446
2593365254
3820771
152886151
1064746084432572416
563396833
1041797720267268102
148941518
1311947401
968562686
842275038
559774327
968928220178345984
901849536573865984
262693238
196587560
2713238640
569225703
35677992
163386443
153089382
931937921015468032
964010100234088449
1074082272251383809
1606835828
717027589303484416
1472655337
743586934082011136
413560004
478145744
48264413
633261499
1671326491
35015563
255590147
7241522
179852195
749896080
116781149
469221987
987273426883825664
2331371
894777128901791747
130373126
103873629
736243424341295104
853944239641821184
162220064
836299960702406656
999730031277592579
752946365500534784
1074806582771363845
550437381
717347221302288384
155561390
130346051
913732650627665920
93859936
832229498263314432
3930628335
3402698685
341791601
266159882
90992880
353121882
1592064463
2212675275
211966988
3435501915
1044590819649486848
825259136547975168
210217765
2310275318
28875506
4140907943
1068173990068396032
767811272813543424
979163209
754527126443876352
59406177
747148818
732662392342118401
966303244359208960
3403291798
600950964
118686571
1044382310
598419512
730560698334478336
2512743912
848583451431325696
510099744
811968308157288449
462865706
376206547
1524882265
2837580884
1632961994
994337010449108993
1041713886209093637
3046746142
1039282531563057153
2917382068
148036790
2615305706
2290970406
183165398
277930075
763026134858510336
707466439767232514
817144252086022144
2886554479
1050556948720934913
2636877479
913179042840330240
330347754
60320735
234288651
948497024608948225
927507528
370960189
334969823
816690792949370881
716688897560879105
722334168403685377
899286699158712321
462221244
4667062926
977184049566384130
873748903450914816
265170597
727631444181405696
3293017386
1317777072
3307899836
33134576
2368645520
1027060894860079104
4890149048
795155650607091712
1025380053079576581
729748394
1333605630
214739994
968089539347562497
225838288
2879361062
1869541400
611841569
2936292323
1069999248522006528
743107298877280257
2821930942
1207943659
882523647612559360
936535191035641856
710577960839979008
2159066580
4703633058
119950448
1657017439
950598225618124801
383248671
754933309159768064
852159561456910336
3281490170
744460446640414720
147596965
934093056613089281
1040998883680182272
934050232458919936
842014631887536131
2487606884
3185336407
152503934
1328016002
106904274
840549047484145664
3903094892
1061204130448830464
1430673403
230138475
323226085
796442223034384384
837566497580969984
3594306074
1042018377575931904
64195087
382063758
1058283039090925568
920913853
793536632
15150197
1063783536
1063977975757058051
2950143740
2345889260
2829490274
928207782376906755
165822122
869431849550065664
54566338
930078347773620229
2299170458
866276265942073345
2234571420
3180014568
179095716
752663992904982528
1063186217527853057
1039654782728916992
821842872
399895258
82534800
962305528037691392
55240701
858260484776235009
862981371832090624
97477169
1549668338
512260374
830513282758868992
200009534
388383447
1211436373
123874162
2946191310
50224721
766963621385506816
1675054464
969101361773072384
1258428798
3112122098
979307621734801408
1021311004163170304
913494003487793154
1097813047
1419627217
317707982
2305735807
28378132
118929297
276793504
188646287
4825001155
1677867842
369980358
24914059
3231618612
2592158419
125333738
87885029
79906005
128872607
968034475027283968
733004479
222008475
888338328398970881
109233805
417152881
870528738739355650
1268578922
694478148990152704
52662707
806704433035780096
25645618
89386907
863189787632652288
2581620924
1590682548
300763821
234158846
852440309363392512
254838707
165403237
71576697
1547676566
974287923238465536
265307892
776389180452507648
3143338028
1049455820197560320
73825597
2982816584
14231681
233107255
1162902000
4163839825
98071607
1037365167422619648
1053992977129828354
20031083
336855880
60731256
873928927
75520916
4030450332
968111126448816128
73635356
942935914132541440
580283381
2454583648
127810532
2896469605
5598622
28761591
884256120264683520
951629597875073025
125353386
67249862
184285665
114159505
888592958001487872
73370789
1353263209
69846303
340338485
18937470
61787394
724181503
623732328
1025651075716722688
3267233431
111344700
48219360
959244490883117056
183235055
143567536
2841531288
108897778
253918271
3317593386
3168159876
3494883554
189893744
139322897
2795265809
62298202
760519957499285504
790161052449189888
410045784
1053910608377131008
2854080558
106541196
2199288158
746787741850046464
1407309936
4924887421
885744118676062208
2190315571
1681709839
843478579077771264
1073250847943884800
320948877
764958649185808384
1006556523575721984
1532258478
214226761
2836008686
830699413
1035009031
898550082001190912
1056765475252666368
49881923
1473878857
174327966
18580687
1057310991954919425
1058989078215970816
953832686
5868432
199262074
1069320098043883523
1251796897
2898096642
186777285
517600220
802738635443408896
834059060244672514
20664388
107027820
746364905461186560
8894462
1016337583725580288
880375878
264926662
827338092
795104793727528961
1031729681895227393
1615999130
1326047240
1029292650241970176
385992068
2182321134
856215329512488965
304538198
980823067445182465
2450378048
1844167801
116728148
2987692648
777222008979488768
1015668358996512775
2854059077
3019021217
231136686
1006706260899745793
904583498
826798187285508098
2250858454
1043165053028052993
1074049097752039429
1046767182972162049
1019038499050283008
700930921789313024
590460408
451430251
954821383535693829
1128668059
397826028
740650681829314560
618476065
2244216389
966787538341040128
229605853
1014901823440908289
158502568
910513486412832768
300069772
357023582
1664802025
969961252377243648
2246000407
268997790
909144085700726784
1315369231
1233441114
839761532
535167332
1851853692
1019433181530021888
2442677972
822489930
2765706388
382659738
278088982
744005000
861953504847548416
992803813810757632
999324906109235200
127322576
956568577578061825
61751032
1072246927822123008
604246835
4504489655
282097607
988837850
1066618528512598016
914965748220645382
195064189
1013933700109819904
1051401730439749632
3732065176
162173475
2765104448
332685652
256079948
1666208414
1009648276453371906
701166495804559362
569487288
267429289
394812748
881523664147156992
1003153987112194049
1052999697785413632
1283830620
4890406383
824089278456143873
1050106295456550913
4134560385
208431103
937456375
2985320464
794986179821207552
2562370431
820387262789779456
2282579115
173714440
2525548862
2273281591
515766390
1056059910365032449
252709543
1006300832155996160
930619506669613056
236501679
189893274
630656862
2554730222
284598563
766371564
937199276295376897
1068626176569221121
4447384936
42686942
443669254
281689608
2796812488
55010219
2387649270
962379063053705216
538190658
192981975
1123154894
2670057516
385584839
288726860
46373126
2742946119
478015280
2975378194
987073682127368194
961857933892927488
460275730
2441974038
406162937
603836700
2784415446
3940478775
385629965
81885264
2276898617
39941540
919706186085122048
32583929
825726002
369630389
236433568
821470108895813632
2761798641
4878465766
1137580452
563991668
945947178
819020580
76326090
3222682183
3080224459
307278565
814457152098234369
818441378384543744
782109927452139520
999984915621007364
1022153295979315200
100185915
235276934
828305555492130816
1316546893
1725431600
2510284013
376688606
695753
734668089682464768
8339422
2860924650
47653684
893873501492436997
916063028256346112
1460228467
2422732468
825699606218600448
43703232
51235932
1070077094
819253958262792192
2994137103
3393774431
3098723505
888467993394647040
3663812837
16834046
982353386933714944
3074484843
453097781
162680866
1002132498401382400
461862619
920539693405622272
3331189349
1365590696
1002000632847458306
2241107684
3238757417
73869333
1014218465052446720
423435597
1000044199436259328
837661589717282817
398094998
1421211601
4317793157
4394176636
1005131306278293504
926750261527416832
1064131867706830848
468222626
823549198037614592
1065236426961403905
1917855938
1894622070
1036678000924868609
810177194353979393
1300370167
1333331264
337155946
163239114
10036012
4904752661
588968100
1000833107988287490
1124401566
444797902
704533775
1002675098795593728
583241647
1021342742155268097
50584579
1054105661049593856
266223351
990746832631484416
1131768966
104364566
806023144217702400
123023756
359982414
978705294279741441
140764048
143141427
67708965
332310164
58661554
2259096208
1313748025
1023417002239688704
1063376102
1065687024768827392
971086091297153024
192154117
111807189
2508684464
933421982527426565
863630012
285008029
885913635951960065
586839557
2867589152
1026520784024621056
1386636960
194242896
114470260
2316218808
287394622
2896545772
710768878859718656
3548068696
935957341542993921
915466495085416448
1496467436
2338424989
830790377372262401
457928520
964008863317024768
190133302
2399884207
145346293
162516223
2282207313
158746086
409543579
836333531844464641
979487147836100608
83476790
482771842
637372892
354993353
705828156800966660
985083488
3296512181
701771832559538176
2829873856
2782330551
2944220375
1075002433024262144
312345878
223292301
258411310
1063785736774795264
498422866
2990645248
1075151965070524416
1399027123
127345411
404201288
712371895702786048
978939948589035520
214404506
1653867552
381872459
487057095
206330301
474116462
804103675216072704
471282418
1060561922637160454
552610236
466741979
1315271341
887726414518202370
729138330
969367362
2672687236
842965338
1065984557177020416
1545737809
463748292
2265349377
890412440084762624
908865045513285632
817982665441873921
1014213222457585665
846075918
2359944259
1142423731
783348962636009473
44326016
493309512
1049565551180308480
1466140369
145491977
865955581
3218580135
1061991729681838080
4267812856
484994548
315595212
2308046100
14980096
1042541454101499904
253509216
543499273
415856244
706242296
922545797690019842
924584302192578560
834190603864965120
531157042
98930588
947417071029276672
1177498417
158065598
1041004085888147457
454450034
26500225
707446688
482989740
2539866723
1058366457690710017
1013135570191749121
1044433058303279104
364791787
1122928230
858460548555579392
702919536
70967390
1003678782576840704
501747311
2491132356
2260682979
928533988632875008
3319152639
1189229041
2836161395
3229952001
204033557
861301806479048705
919518660284375040
835810073813348353
92235905
559519455
46072926
935294642739994624
926444273884688384
875423001822601219
994206415232303105
944480041
1654189296
2264158390
163058557
408709553
1225752368
2719906873
755629865097920512
1439151049
360528700
865228915
2996392047
3748171755
1133484409
406387455
563067061
3164061847
2194094269
2246522884
301875687
468755721
498058618
1265301396
368423144
4354632735
4854768256
1004260107943858176
3000703800
50951323
810868321
1562746730
1676356795
1392419576
148534721
860136315278565377
221796458
1180125842
117476619
471628227
1901917033
332725337
1014119988
1032759978275291136
349987535
767468188128903168
930117067134717952
1902502381
1032688636096069632
3388873041
3104917149
2870715235
999949718183661570
3180279741
499085584
259666467
741965834361376772
119807651
1917739236
2318207920
113269837
542032644
403318878
1215560581
20133537
1037041359679574019
978603909353754628
2460876989
1021443272408031232
80271270
1060643194290008066
879016855586918400
311640114
96187648
3559980915
257182097
117042693
866616160674078720
300897631
3408396833
994720616
25361191
2324425341
191790196
1109947838
157126886
2881342563
122816294
899242940018589696
894564120208527361
456776211
1031501649435484161
833290630344343552
2290456132
1459211036
1095578666
845816364
1012503470707019776
56109900
126569681
299761647
928147159
2451641530
2382797413
2719992416
2182095224
57681971
968585778837286914
1326207324
775070189369102336
95413491
1065584964241170432
711322487842332673
96353890
1407538261
1063730996166737920
591958053
115447986
627900668
2424078456
23518567
981157621834141696
108905689
415880200
1056628647417798656
149198262
2600908496
224404913
1110348571
748192653007675392
207564694
731064771328409600
34065444
4245607353
14222518
101987594
59353500
26654109
36990234
194589708
775132303785951232
435042656
1449116216
2799334783
800748296
187335251
344986294
560892626
27532440
118575998
1088280818
1077011567600820224
955877830033858560
715273388080697344
1052540474823598080
810895268971479040
867832411996000257
180038012
273814237
990893760010772481
796807918121259010
825771591887896579
350360270
272626302
4113975079
810358184309243909
450015126
2479845637
4502593310
6706482
2999606959
712465109902163968
864735138902450176
636545889
169913250
936073262223712256
1458716720
593216861
770409077763547137
758255311824248832
988467442933477378
861290347007066112
20196258
4303520535
892912971667603456
938211957781483520
713136731738996737
570401223
783944028
3331337267
279176310
13893622
773854912778276864
1037410114960072705
822177991
1047780258462629888
1046036010159636481
57840601
1279274269
940524930910867456
565446002
1674142795
1050523101790920704
425580734
33814499
2746260606
19757002
219045684
2532136133
15168777
4821627906
962227610410393600
1647909942
984158179796766721
944390994786533377
858882396
614751610
3792172455
812766779411984385
56541037
825483051782242304
492411451
17386064
764335321
953648111938916352
20231335
59740725
57776660
703888918131769344
1865938838
26663533
37056992
1044717272223424513
63189195
3226826747
30991562
870352842145615872
1073483468082835457
2231816089
4887799917
4039743585
741639414556819457
2810616091
2629895599
14728486
31480713
780573767923675136
770268497381355520
745591220
979970109103067136
870206907767762945
999685290968039426
932646422997909504
2402491898
22600696
2579768130
244908814
865648428
827334641073922048
49317402
48004989
1024996867539525635
2701572302
2292501140
2368680032
2849870603
94127505
1215879650
701161771
1063036077051691008
89156917
993522869584920576
935858517986234369
2968809287
2678728784
898590034042990592
301374422
504472229
2290913742
815519654
282262152
903873356
382198298
216846379
719210246074408965
174454550
986614181817438208
936471978
499619406
880097604
397095078
714452804
573868373
297360524
75932309
883430826523885570
25031052
408870361
788798740563914753
133210461
257807364
935556541326880768
17468774
747761177048977408
911645287
907194609977131008
580205995
48434084
78172568
23017048
2703224894
197064668
162305483
782745663046053888
581854139
1602275718
345688431
1025743482
887738733503623169
149165821
2415499851
269087971
60501987
37881433
62979319
1718118626
883736889320239104
110654703
3152580743
879817137954713600
30797997
746161010491465728
28610681
2267935154
3242764065
958620942791475202
2723720964
24160488
976450930802479105
946926053645344773
3159189726
705369281496657920
18042237
743120580581429248
2772607727
715204756831076352
92806320
19340539
604001059
174588759
865448437
412735319
1028118516539555840
20449872
2610787842
16466206
10185992
312379944
1902977454
1027060898228133888
1596157273
746042297758982144
124173377
145704380
3267970243
2207054654
50470320
31129550
615309401
1545719215
104274005
805121581743644672
883169389306028034
1002420217409163264
2893472667
2549552395
2432415806
301333263
160069330
143873568
66171809
46832066
857943253970300928
1423794468
12055202
2966582680
1363006046
34796626
596017675
1443090421
2549191398
930411199
906941774949527552
45742294
2204820007
299041130
800335324857544704
76458500
771798411884593152
1667752620
694933939777998848
4701902000
17702671
2962492689
18595138
316645059
34101992
3009869720
134069611
4326505048
1046153815
982589536852062208
3638429537
2665053120
75522793
3702842774
23113871
1007061953590767616
2380936678
3433142375
495882311
4903334351
2873893155
821975444304134144
991324918947102722
1034231215996448768
886067197168242692
789083611
386045848
2326606418
196840526
2293143909
135475373
958651857177636864
4698940116
1066862060
3242714757
2153347301
3504457708
493286217
950142523233767424
15344436
3404089163
960096046755012608
862163184
738433961840480256
539322301
501304494
421721110
3339507621
908422546764320769
3257961028
60453247
2427673985
1001207735613116417
1191203941
1069218296703197184
1042925400433852417
2304856490
3302594272
68972885
77456862
740492018649026560
288439212
2859157959
2659283781
847144520567472129
1622884189
2303452360
476243412
853317593318526976
2422762861
1004327482424791042
250267265
2870679856
4383287176
2477160556
1385058270
191096050
143217416
606280625
996872876
56970743
1892835648
384923361
740887725197365248
968473316926394370
1048229743
249821775
3327580312
4237727716
882355173300912128
2712915520
2422967981
538256134
1000674423500951552
2970349522
215633582
871607040
240646920
173995246
719555693951524864
2222143409
621321697
43106841
2935396900
797211643948257281
1243336705
893592350
161256047
986224677201874944
154243977
2762803305
589741808
1212273788
332834175
2392416606
572138913
1320416360
325566829
2463660775
306843898
2631973931
175053234
2221733517
85172330
207190674
2172491697
84397060
1043052334388060160
2327832062
476029636
1012741892075712512
2860210214
800299436
4033834306
889577615740325888
1067080330723688448
476775217
1063043668972593154
1978710074
3213472461
406326098
1602075770
740119601011433472
1020159438
960441721313284096
1517489832
2412247982
977494436061110272
872683388435648512
2389552299
243717902
2980557740
898583807900737536
2801743206
1019226845814886401
3437215593
1290706549
360470434
840560289460432897
3325940476
239116532
2389468627
246329936
3297167141
124127183
883768548249808896
159428924
2987400911
1016692186254073862
4757044839
2797134487
998328097
212706473
308317993
718509055
804016109120851968
103058039
182035471
632955445
334163872
2693735376
249292066
805762071711416320
223205817
227343441
17717306
991039718
742538359659212800
912072391899140096
145985045
49314861
1483115347
25117576
1031479589959356416
36493123
912763687085199360
21235410
34322263
2171424127
2305340966
1035809817426837504
211409102
619239234
3362966092
615188080
277756082
726506579906990081
503778651
797430894
254160554
315397363
760322083
584855560
1073710011040305154
1438183039
339788474
261358085
741766003
16442020
23086233
578590553
17492939
2553161653
1052484156
615662470
107523167
561487219
15836703
275180436
2002711
31009855
600234980
53802986
126911119
3415152429
426109782
893156841781432320
930553070391562240
113132798
541536163
1066619154936053760
961680072
378317720
952289929
343780069
922605476424048640
247525356
792139214
2493093817
27420687
507591428
543756369
183734792
16531160
87841120
180931274
119239372
770432946
151912546
92146401
3777137364
48650612
1911869612
290683608
3379976578
589379390
2365566788
1962787141
3505041257
1264606418
489943853
280223998
199778508
781632157349453824
141667494
105366298
583543380
2220421432
179193958
741040086
998850358733627393
36588729
119812212
2530008414
423700737
16860528
139581597
83610054
3373235890
3636910695
259825665
4875215411
227062119
80373632
85334007
500835932
3020316832
159111969
17300166
2209508628
335341723
1067883332145487872
36687523
218343110
20478618
13689922
20490710
104909075
321038563
877552194827845632
1052342758432681984
1053698848139497472
957956844483330048
869647744406872064
339194897
1734069204
1059787656572239875
610675314
1012775139300134912
2890798962
925481721428086789
711772078328795136
1069265716904321024
3304172017
1049988717656432641
1476059065
3109800056
872482244077670400
956127573368479745
751223981068283906
955006393165127680
947489273812586497
916228018883801088
2346639950
1036962304506523648
326873196
778574732572495872
721407426
991292208492961794
1037929188
2688825354
1060390177225371648
1051392543311577090
750742298749657088
1026852760585568256
1047892511295852544
1003347243062132737
1064513768049172486
866777660021760001
993358355254071297
1046174497315975168
1035933880723750913
467429225
2158823539
952238993604833280
900072222840193025
1068021258930044929
1045884661111480321
943496846885847040
1060816899792023552
2218266912
998178134779293697
711684130946174977
4672128870
4081556010
846198213631664128
958294917775736832
842793400470462464
874793432467853316
2952911120
1516750706
914368131383967744
2920687843
908605777
719138265870172160
975413778417270784
1028991990954831872
996293997181071360
841126833072553987
119717859
939800509791191040
1181433254
762115673006845952
1079997957951254529
4723626060
848892865753296897
2880699297
832597796050051074
1062443240950063112
1036178554499694592
1013476573750681600
871212033370460164
2964432466
1068424804909240321
904623367965229056
212471419
2238565462
948562657715437568
3016954689
1081660520
469604867
981073449052450816
51884149
872853389792559104
921027561974464513
3066896059
829019024029724676
1026980885042610176
983266299055783937
715362647974158336
956575812647510016
808636651345874944
892253431112417280
636640093
2819166354
952559601743888384
825492452
1027732792422137856
951108644455694338
283849065
830971337849999361
951431277340602368
1066348279246422017
757443944581959680
414065127
1056394712171524096
905812503317196800
995639571613335553
888958596712730624
792172564940410880
900640259188203520
996025471551746048
966828539973529600
946005982794022912
248445444
1039019884598898688
300315459
885808984300503040
1005721301359575040
879344824515801088
1020187251664273409
921919478287417344
893116476143452160
2566374954
63086781
204290506
1067278946113208320
243573207
173661395
992003246922313731
820221425114087425
903768433271169024
234217460
894951525767892992
154246721
2977631440
478609267
1017462542346719233
193886003
2258806016
2381303568
2668239378
4623751
382660219
493859572
145336027
117151074
18556925
89708778
1252728733
2790560150
496690894
2810227009
2802639772
989011783368237056
2857803771
127333485
85458229
767745379957747712
133800291
1636186626
780542243346055168
249836840
3161770109
127419469
124367316
108425696
972669541787594757
2818645064
108456264
504716161
932329600658665472
1249493484
23511625
1254928165
1060171939887620097
1205619662
1002591746566557697
443250386
371546732
488732322
326181458
3413776066
277443092
2360119680
119277399
1070748831938174977
954438085357506561
945962042
505189653
2460421703
964825978626363392
140566375
596873740
1291837430
263894865
866470136722718721
18286677
2280333004
45215787
949054466308956161
274064084
469253170
1562042833
4252656411
329129910
990193330377064448
233532724
1065536710241648640
370873343
111978445
1515276612
831430015782944768
148577589
2554914156
225521355
148031006
65989707
467843545
259616089
45265521
1302048601
1074521621535313920
1024478268123217920
494604637
49749267
1424602309
726488285997088768
1730051304
1847788578
885165734216728576
3528284594
306678828
148485677
3018790012
2445627750
4301351777
2830017159
262425295
929983316
243396153
2200318093
598663477
2547118752
797601124241014784
2369305566
940663206921539584
1060452937607114752
40051375
917284496407482368
913070832838221825
916269859637530626
578961135
977578320496873473
4855514673
217816316
287340221
382971854
399776823
1062531883609792518
891597355580928000
429457109
137478891
960392885127516160
249893551
126469870
722367520372604928
1453184142
726687636643938304
762829948763549696
75480732
1032557239154823168
55584750
1021424877549436928
3250439383
823727303582547968
54972191
1051579654396612613
2855763892
953644733670211584
34671849
1642024500
3232946731
254496872
896224324176052224
701289567727390720
42203562
2812965104
885154265597042689
725345107109507072
845875144048332800
123422488
935552959366098946
1320085681
4824905184
1066367467641958401
3319169110
612717500
992059891
1065141966365573121
2221371846
4777701661
64566282
765419560690384896
3257601472
592030506
2424677221
25463159
3259832952
2682552421
19149465
3734096602
159509670
811455315963047937
2187998137
438474758
246848025
2233275096
82852241
1003313856708411392
967015448196800512
4712862398
1020177151
816947950345560064
921381717276901377
760748484702068737
3799914085
371806506
914611227489222656
2849882511
243500152
1109624978
984722413576339456
92564028
65184429
719960769559793664
1569577159
1063433505315508224
966721864696393728
173104306
764802499278614528
705586931472605185
1074340534444007425
1003993360430854144
127401810
878997792101769216
1948609129
928625895467659264
545867898
1016812668613619712
1073509131695185920
4882415658
22463793
963247040300965888
2435820444
3074858995
703521797560410112
865931258076909568
750597498801102848
1269665114
340635671
3107992915
4085546179
58439123
63477006
2567483119
61726222
173497317
325457174
1040591263152521216
228610555
136030354
137757592
837682475815972865
2762682098
176229836
4703213870
715494137550667777
194399085
77427131
860767228307791872
4234243994
722589388308226049
1078210363718492161
880869441977712640
976000045844697088
991720012409856000
383730506
1001101568916123649
1871035232
883317622313332738
50497321
866974338116866048
175311653
785477872047624192
2839544449
802779299803561984
313657893
622032126
759152316494647296
1323091879
482606004
742075198736732160
132345496
142475355
4695931110
144755016
4849353376
73936623
770942836439035904
4324832714
230694488
326797804
752770992955469824
332624154
1064858643005227008
127707068
4827935894
103873457
3863012833
16210436
64135325
1321028052
895685883835199488
106864978
466640678
3252393486
754055574967488512
45106522
233057386
1026570762042437636
790175650678059008
904013710208802816
1152395600
948120908
944862477451325440
1034150674186031111
2364314735
383856854
1055888802219122688
995730373463048192
93875078
985637106079928320
49345265
1056988545515085825
82640602
1032383661730131968
556716048
192217362
1042408966028845059
106084750
492705061
945591180984705025
19555200
4042896438
2408314250
882516728722239488
27491084
125171112
1364904476
62835895
3187529329
1049770290434076672
755706583561011200
805665930625716224
1534533330
986627976199528450
5874492
40824537
1306913432
1702128888
567704113
735028747
1051012792986230785
3391488935
3005546936
435888634
36113826
1006833262684135425
3321296678
267497513
477404009
141636033
3226208999
2889505939
129574349
956449575014813696
1064563532325376002
983702246926921728
735417418558939136
57624643
106695891
1616700956
879299304
707892872
950415520939036673
734444561548873728
358306746
144832555
456380762
114743325
95647380
540729340
1031785160121901057
945016420852629505
147523506
601904123
2540708262
1192461955
107216055
257819863
164005997
1066723591134371840
422722408
51456088
110156037
886439473923334145
372297208
833565834
774138459866828800
89191252
109260511
708557830421417984
137695454
187575664
2172822799
3241234890
911848604427468800
292839613
913676955035168769
1403300174
1014873505916248071
3307150376
1019428909589266434
773912121117663232
2235660732
19287403
887461229618315264
396940709
762284642535895041
934374698376409088
85515785
1559283068
856604996
986442579305639936
1193411630
2643535309
1308518648
219059377
1050773707642138624
42577457
3385892091
13461832
785136434135040005
2191123456
1032880907881988096
389114164
861625480667172864
324335054
860423521
391418461
956263588729061376
885402666
1015779270508122112
312822948
279670736
1018704035443040256
3343464916
391643798
464232046
3346916993
967238143652098048
3495603017
136474484
1014993836349812736
779052663862329344
369107576
838931488439586816
340618868
326258894
1879291669
11408322
1032733598439362565
1523237760
2286909577
2766511651
319071562
124812838
1068130955813158913
588583064
745624756175638528
726582975614345216
730653703
551983269
1054107488679878656
1106004864
132445128
1003191271085760512
439632035
139891400
836114509
4698085164
4626001523
1050294551800360961
890390778362691584
47981849
1918404272
724218931
506131425
784952832042622976
301169465
946056489705369600
1227942865
829885074850082817
4620051
628063559
620540076
986641862445404163
948219008389713920
869471847238205440
245694499
2967707237
474745872
967170858862174214
202448082
366704230
361828575
1455521862
1074492081702359040
1110569408
952207944619319296
870189963786244096
19021521
914416547132829696
1555161727
977839256545701888
1010429092024504320
217489704
959583991836889089
2279217685
992233594650275841
162000598
53350394
948000748146700288
2746566838
1068116163270459392
1067486588664455168
4912843775
746811110976794624
4795628509
1410681930
4570003637
753045503303114752
1014387497206415361
181235274
289277970
573079296
939552808948436994
157589057
1017179496317947904
860682809718996992
2604476669
1006593823089229831
1732635193
981538302674300928
1030422650294812672
1898867610
246431883
782552219631644673
896689599388549120
712201811332108288
529420203
302205711
759637796
223067754
73265329
3405443259
3011312265
1064512728222580736
756986850368192512
2595100714
277672463
888602128792551424
412689623
302313046
351292419
2988071159
836357806651490306
865681977927647232
326523293
1546975424
596338990
2420950994
1272277585
136414146
522261411
569622233
858599275
144902504
703533979
3304322998
1081312892
452371170
784879556696088576
156854530
3627584969
601548916
842581637514846208
1063556382375518210
301230742
1069675343211053062
2402128920
910198516202590208
792684019
259763940
1006958111268196355
139290049
2949856678
4333116322
190339117
227123723
314645670
299958861
990897887881105409
87285680
551236977
2741627235
153504547
1107747566
1026951597576859648
121910266
1722639798
613740623
2381198937
4836849544
624748814
50613806
475171886
950449179247116289
1040272543482044416
272245487
1031934236801073153
1505912383
801871608457662464
196746552
1468509384
146128823
987268295488409601
2246191418
98262158
1730585082
1219745606
1286570636
2255025068
836077609
403603375
70886355
1033883494274019328
794592315964850182
1021122509545013255
878026283275497472
45554558
1003643210579759104
628848525
163223928
483357836
1469022594
1011709975830368256
1161573122
457552732
936725845024141312
2757840537
107068302
158192550
973647484009541632
1008136350036570112
2994401219
3318074729
2436160837
578000607
45931240
157832873
778187907853148160
987327418879881216
470561713
1033058362974511105
2882137024
139612420
929189630427193344
1038545281904730112
88068348
3671388797
1041650296332533760
946981995581669376
442214700
207639660
757768402849165318
4397710289
101675205
154689221
515431443
3292389743
246086746
1465832066
819957686603304960
311186020
880356305462067200
325141874
14658926
3202027661
1646016817
860545094277099520
475537460
3248022760
359585623
881746273593958400
920599560589889536
871860563416150020
1431556519
172888605
160720031
321699819
735023984
210166200
727049906343534592
573879806
2249038243
2507137154
552074709
824401336670240769
192718184
66336153
81167940
1589421181
2800572967
3294297885
913764429552078854
90360714
1142773346
2954948741
375795142
518888266
2814777034
80764395
1009828884467081217
522592281
2847217167
979011471714766848
1568178295
1012669516868935680
789534132
958784900810854408
1331816052
464762964
2303739887
571231623
234489322
17919397
1069334463749005313
1017722525273526272
3392284287
450988305
227964008
213247383
62312024
3298219009
379302442
108625070
1357111818
404085349
3687103283
1354984170
207685086
1479356964
1392211603
2235896600
217861041
1040170003146973184
334727286
978598893570215938
4186661813
975768374247673862
995897611155640320
623855542
723518994142113793
743877838525317120
713518597923012609
305708403
3407445347
2810430363
2986509555
1850358931
586771305
110084340
93050234
254173384
129003261
1275706506
1394554046
168842857
3240621521
864440114327564288
1014204541036908545
120136457
493400724
986718405607739392
466432320
4329139276
1491030420
215299421
1485183440
972318644
3310832543
1194436010
1731719383
1041327594182828037
458739101
574526442
602087420
3426395854
2365229302
948297680
746703676593569792
120584165
993131274368843776
392316718
404308143
4876678053
718400632579878912
865320681101287425
601081345
1716163800
879601197275111425
1044888430075957248
712768832973176832
3184146942
3293183249
3386228764
512450980
4228351038
3454897432
467741244
310222412
1352919656
608061668
2531359060
1673196733
2990687092
3672609135
923986483857514496
388989260
861881275405172736
535422477
608409474
4106416803
831817645456490496
2868997210
856613924380299264
743482935362359296
1018551711428894721
1000030383969316865
778857455149277184
706340712594288640
3600080728
324751948
945274010
40151990
187521743
398456046
124809883
4862053260
1069658172707741698
779704258467803136
2338811370
1027474330702233600
19025024
812073228457930754
887304056145883138
1617166376
743851600595156992
351643997
27948914
939021992
880011769611034624
1127431758
21380658
624149750
365245266
105647145
1515020610
3367993007
980350368021233666
833384923675361281
166195201
15259875
233723894
726839398373838848
967659606171312129
790557008223211520
2890957701
1553612893
80717359
413557923
403647413
1075817827422990336
85423064
1480884955
408307849
338220442
24329569
2283079517
942624850148864003
2447915391
1343399275
124219686
1043846747410259968
76363913
930524253820157953
2568058225
12377472
963212837395968001
824703332224737281
383320640
4267058183
964989600874680320
979774696987086848
3293996682
416809442
3315906078
2878361517
1009095337267683331
102115552
14260571
219577685
870686014972379136
124588732
783511711630266368
1078659192519577601
838962740
852447222016884736
103415984
2451612877
1060979317566513154
205546805
56028869
11077312
19041995
805848827479605248
765602902815576064
1443496237
739204484295970816
3006192610
42837891
56143338
838239127
278815263
796896410104795136
17998609
4476084275
2250586641
2270630270
855296290376241152
77394108
220252827
22450414
762135012795756545
926160708513030144
1052698279996284928
22404237
863258688894709760
1072407932
103967533
4837309619
731023872066211841
824625237119684608
461530468
532601202
3317656799
829880699792551940
150588670
24610017
785473931000053760
115505588
310577565
375935862
1072085924907933699
770375503492501504
869367187361992708
156099290
754988016028962816
1025160933566558209
902576792233418753
2380853546
19050000
213792527
1600868210
54683181
1939236841
317761212
861176307626987526
353289271
3904228155
25900485
1016109860021129216
44961107
957907201
129297892
1052535596827254789
1053296650658111488
391723640
2238001916
4174603085
378061790
177416013
268305601
998591502409519104
746098556
196814343
467061351
2814391455
956656065055256576
623026548
3105288543
4829781017
940482588
915709415818326016
3137240866
972592249
39151210
205935105
1326823232
290026326
348283111
4897692665
182463243
2641812284
713116450
898993896
94977698
392977409
4890616384
2398721012
2414261426
4760474534
175391040
151266935
2744767120
1309157550
4213688119
801075955401949188
2816346954
2511500076
18311010
873013039930396674
417422170
903313515758399488
45845827
2523840802
3000920014
1036732444823695360
828898471
1553251556
4857984262
931668676599861248
435253946
170035136
1052876243840819200
344567419
255873275
29353161
3692832792
79736018
153365915
2474647737
526530582
921192385752612865
28442833
2358868831
3062420609
963852578155986944
845897101
3929356339
1035471589616173056
894723650347192320
3229821926
901676125
819879593339453440
217367297
1617927480
2441578178
25638201
170081764
15254348
21611174
1663467444
963167084556554242
117524213
132176204
1038066325
2283715949
2800034442
90638223
286463235
16462154
1062088105115688960
742797649636659201
738681690
1212422755
71878256
814067651265736704
1034667564117487616
872584177841000449
2157189388
1241060600
22761207
468787295
32620103
1864569391
348320516
1537872073
2992198324
3299969958
224929674
264399937
187432827
214890716
1002427803126697984
771172265585090565
899571294
3274948939
500961736
1215712585
997535680241786882
788143446989025280
1963887212
359956480
1495657410
17452103
2968301753
2422600998
794253679532666880
2837361400
2864632029
1470010238
167723510
1014469268036030464
990665034
1052535466665406465
558454666
763030087847542784
545398031
850008822533861376
463320378
245924736
1017757467223252992
1023005972
780060457562411008
4753247962
856621680323694595
4737325055
892623284
2985346415
257063622
2511185133
3065815851
3172727157
4181419349
1047012965877211136
1001799601698066432
1047524327913140224
2148839584
731069499705823232
246731775
323394420
1389198806
710399612549513216
2271565077
398998052
848950002
2464135300
1151060460
871472056797450241
4786262296
2298047728
776314346674806784
1054309591864041472
1070379979643465730
1598079349
918872624628985857
415719277
2741891610
2655144368
3033264849
1049273291523940352
4656143301
573995912
852841579517792257
2268883921
388238113
1140690888
318116595
732583888086765569
203283718
1070383138348691457
512586763
1273213393
882784801
122906526
845972118
44104668
453406244
1346104482
276120646
3200049595
779812732732313600
1433896795
839052662364594176
932868068
1891512254
707510918
260778995
271092205
954337554
6748612
45650564
2171156098
877427894322159616
849625232
766272835996254208
611908991
2170772566
817104473009127424
516625402
165168828
1276257890
1493475583
1550266921
6049492
2994134584
4233640396
717835794480803844
3698401521
326610897
888407017391624193
3208541549
4895395738
2201567324
1029451413389291523
803155483972530177
3358681043
70920109
221147404
792988253968359424
1019515597074427904
797748471084290048
1718245182
3665558896
2719970428
100496102
1189794326
461435270
3321151859
2997751203
362727404
513669726
743546128625459201
485711961
581352666
2412918876
76103961
838814492783947776
1033320052441923589
823242454887448576
305175186
716639387858108417
36331458
811236984056324099
739235257
841247952693784576
196592806
961562418
70923448
27652488
2339595207
78337027
1668600522
55892144
515686500
103966279
794668936512073728
848281878864035841
26559422
254947242
4623339465
949835581244272640
525658327
15178762
128296237
92821882
792003180
134893772
2345883704
528029820
270636191
267239717
2540549215
205026326
138005011
742770867080466432
69053041
145033476
18379358
925856255201169409
2296192045
838563564
13860852
131851747
1213548235
294344306
270810874
121756333
234283787
19915407
1325684365
233983483
135000298
111463046
131317692
1001406211
356514158
4504267216
257671907
83990599
624251929
54132090
553828935
130216028
119252896
3408662285
914597040176467975
901464073
454211922
214417194
149202097
612693500
138769081
46967893
3948995117
364233116
2403125647
47711779
495973917
2389086079
16941596
24388977
339752726
829046841077542912
2309291858
114565190
803987612339990529
1230007165
1589391517
725913890
157861794
261944831
2294639623
153578313
292292791
4785986369
524873697
272069594
143526150
119956254
1046862441420918785
525719842
63826204
1497738242
631648728
19432312
200615533
766316728733360128
261404480
626502894
153969511
890931111894843392
2400431064
852727248
2885086637
256505796
332608735
2400000572
225814119
280064371
244426202
872684798430646272
2377181420
347258781
111542410
393761407
31016461
812906095
4520272876
585736569
6343192
856268426
224722637
281121545
38564371
389707619
113888289
77654465
435287755
14571495
36689005
2439166100
137153892
6317842
84851173
854481725694517249
226853357
2748454044
906658327832264704
768090614848036864
768534649534550017
808109304490426369
959156664984367104
431248348
947497355951063043
2908816231
843433430
3125539961
4872378831
826096433426100224
1044068816177717248
344707353
1023872206860738561
3016146934
2894344525
761939521814405120
1058049660466606081
883979344896376832
816963352282820608
1068912521828950016
839373836
974841856965005312
898879940870852609
2192033814
984451425362001920
868807494340153344
761871557937336320
702296594067169280
836185290012184577
995842748677636096
1461336620
914354076581748736
1023883886999130113
790505480053415936
809008995948109824
727510619721621504
807223417904562179
1883686687
1039157427428515841
1064188020838940673
1005025121449345024
932900301555634178
807520870524547072
1037976577663889408
962925801812328448
823931858
1048882275918655488
1543338188
2876372046
2727943073
813182905912430596
794521601052053504
591838429
830444438312808448
1591596962
1025113895415889921
903953317042077697
1051273008923336707
2560583964
2287916358
1044888962299396097
1068823834323611648
1078124646170390528
797927666653548545
1885399741
1033272146250715137
1009792140044480512
1061382461593210882
860390777356255233
1025981136466374656
962005470591504384
1042320581213843457
935589725083185155
1045561853554749440
34201759
894562152656384000
711880945
756197484192333824
612006399
919743008962236416
2989534282
58962674
2986519330
2653238089
3226281259
309964975
1008633148622680065
588622892
936774534870560768
3053377296
822914168080756736
991336212433657856
235761415
318952530
961988671
127016225
86005861
310229227
542888819
187074161
192764153
2524042822
247587052
184797826
3396548535
297005656
214582803
1120079462
1849129050
357789647
1308870294
1646878230
192986813
4544816245
221077284
320425827
4907852455
4109143947
226561190
536052554
362012544
475339037
1475104135
1872538836
829736250
802963603146113024
1027328476230164482
94459326
1236979428
74645182
2269461124
282606294
249463532
893600841575387136
2926489792
163230713
982740404930887680
238212193
3233372537
153150688
325330452
383047079
2722623841
143465248
1024601910
17585860
263457277
51554390
1070101093072412672
312144524
1004801947961102337
870305950208602112
306812272
144638852
31600811
319345503
1055731698854445056
946420214
114071190
324092811
76748928
114811151
170211881
167878121
1128869431
532009032
129434729
138975566
275351035
15759793
1051884493139861504
3470860821
366279226
1006930454497415168
124851737
3198251559
4114487859
1048976080370106373
36392470
111604840
356420632
1128974227
203489183
77193360
879383981661184000
1059715890134962177
962786888120586240
1022435010
300347775
1022086197844172800
826146480654315525
61598331
4732047736
4611280094
3581703019
775612239541772288
4808596759
882853968258322432
1021742503177801733
2714355323
925932149328396290
882239808398962688
132589203
871340049224290305
60939178
379593973
1039114557812162560
1928823600
755836301522276352
168902235
489248379
214456918
2483520398
2188462620
704615580016324608
3005944165
989658265624526849
3144679073
1017270197520961536
1004355720135888897
800392030161469440
1660066694
1023938656250159107
804012613587771393
2289080510
2260229395
1568734772
1068677058459402240
1101503786
2658559232
793566728177483776
114151532
82330430
847092507032768513
1945773391
2402997690
1019946895
781167825448611841
115954595
165719886
859394765082607618
173086854
3069877130
822361945978195972
3267418322
1052752085559779328
135063233
3107469687
2421738751
360200154
2626754290
1001259370666123264
3275117792
19741792
905392393268092928
3039711650
4702872636
295488519
205685629
588249658
927699583919992832
2403119406
835304821
623573286
188801104
4777258662
976809204894728193
1035689726
773284422548197376
17624500
1020532118047240193
815811349074673664
111333269
335892699
242259513
2275606651
794163372275044356
1069087189336637440
820082543613444096
2734480567
129524471
819282481790652416
22349399
327965655
1058706406948274177
944135476532748288
3451144583
744932445825339392
1065523179928530944
301346450
894413130645688320
999469496
4310639426
708534320843980800
721336837961220097
778670190359777281
315204396
929133561176768512
68886467
704515611792003072
349607891
895130252321595392
540478138
343725188
885104083543048193
3230369012
291567762
97895686
2825515902
4657733964
1076083211392958464
4400440334
23330565
3362164882
935863749801472000
321277473
271721700
23845776
806437935939612672
1669962991
375702437
731387743708827648
986347167743954944
47123519
898846628110401536
147082271
261011859
148176326
704198615561011200
329566108
1055636911
98101353
1034857709718384641
918103834509041664
993692564
80652053
3237924431
196106932
555620586
1197446244
57289662
116666847
58707998
1007490037
232602671
101983814
750552263794520064
178630919
69244210
388237343
928423392507768832
992177167
926774288119504896
151635845
424101490
1072907021718933504
317601671
2449123009
144010187
403376766
1034378284744630272
630222830
100468426
2254447591
2999114216
214273131
151397472
108224535
809764232111783936
3242886522
859502931414003713
239078213
100185362
423937646
260127433
981803694038564864
2268066968
964454797
126011411
758582563606663169
712365277460238340
43292057
243783777
90446575
79004086
892773050042724354
1062749540325838848
911520417461837824
1013900592446672896
959199728721330176
199814001
3322262959
240260821
1312833541
288928932
452089202
217426144
598210083
951620247781498880
508315490
1154029922
112407618
4901286199
1449366680
1009235342115811328
1052568005639426048
581319027
36064857
135501723
796233512571416576
171500106
3376156043
1068501084
939355339937390592
15469335
2331156197
1967456088
1053669639069163520
711861779521863680
2558822944
943406110781952001
850758370931822592
830074693269016577
16555482
562152585
746319029434912768
173422572
382474923
907886155042979840
863348273750327296
291041628
988737404159873024
106562012
268623628
705193255026106368
93993285
186847871
983618845746352128
53880693
709415844196065281
817848665389887488
450346714
3170967542
3457254859
1049901772909764608
826101399834370048
2882233628
1113326766
921267568718970881
760646666823229440
62494295
3164179860
97463783
3324890614
852219630873661440
409184690
4149004933
55888987
3100571123
532704535
128385111
789571445512867840
968972967559524355
909106099
77111323
620174612
1291903177
539002718
359175080
299309490
787855062118739968
3293985257
968960438
556731119
1052416719212306433
139682228
204838608
801171704
1364101704
381531106
1003305062888767489
117082567
916806313467883520
1389592866
938513269005996037
1074413449562779648
599547905
197543980
950882412174761984
198149657
717005460885348352
110760458
1031802924
568566624
1075291082966134785
2835224765
851807994
741653934
921177836244914176
3691862241
820763660616396800
1044372169986371584
781778587120730112
19920337
192014809
1035554485450493953
1452989761
973705678584995840
1062830597494714368
816068985888206850
2816662109
4097416097
897080762503180288
589565991
1056360991255158784
898363326614392832
2356922923
514709482
413760129
939173276353552386
327663191
940012935396626432
193891309
509978810
751231447
1006823512013725697
1477958893
1046745128185016321
1019861136420810752
2612841979
991867409094111232
519423279
20760565
2556652227
51041703
1069349159021486080
313221696
1032845383
242089625
931199898011217920
2375808804
291298781
182923335
585965536
333017144
1066747849008926720
211175041
2366599711
2798582035
1069763868640055296
223859889
974888849909407744
953374560
917004989511454720
3304742081
1214478001
950675775342239745
301399388
959158131791187974
928654513665445888
913661478313582592
609426250
519076162
52605978
905734027457564672
3007503598
943332917408948224
152796382
1016018975208214530
918588344245932034
83593775
1045934886366982145
4019156385
829492340632993792
1632548502
392133261
237575448
981877282284408838
710607673067089920
1064002425235869696
755445284679852032
1592127582
4825473119
783323820
797735683
915693981924827138
234594861
98108183
767405954530963456
167604433
248447552
3476405055
1056216352162234368
821519292042604545
906222229
3431286759
151977028
300127271
2478889166
1452385442
273657173
606635118
4697911712
2357836504
1113062407
703361107445026816
548900948
1032275161
416758115
2433925279
122391087
738220471682994178
269727546
397177397
971226804
733103946
988154891540615170
1044448833508450304
228633012
89071436
1379253956
1072013558895050754
366387477
3429493659
235400299
2365957389
431757879
888439492050341888
96881392
1051117323254489088
339009702
1203272251
136790704
950347634
2229816643
815696036572315648
921341911272710144
55573607
867413216653189121
2877389071
2984192831
1316643846
1052777214
55668551
249787581
238146806
774651422516318208
139845995
3537972203
1029703783
1065352266025246720
1034587133045088256
1491364435
316130741
110904943
275732016
923514798461083648
321041761
1011736880977797120
4366121962
768548837359321088
35797151
946264448070807552
4365379163
328380614
1416218718
705138055930314754
903879090431766528
1506884894
1028288496677662721
306611163
215004346
1441593776
875286818
233673821
139770034
139499683
330747903
3317993909
1044367858770345984
317404678
1275788856
1061221923160506368
2522138649
301636110
1058010968544985088
337329316
798902329
837445495907827714
1171508108
916014295766454273
1006007135086546945
783142218
236195899
715179220209676289
574532506
1861544552
977272792298106880
632072342
851120449236992000
4728258377
349939023
386319549
1069665234112143361
1367752128
727465425861271552
515970226
1389888901
3042580508
2243081430
1049079464762781700
274914145
466062541
1334319452
4136233468
230064882
348372885
3344835257
842806936156409856
1046751583080460289
58519035
1070010830723387392
963693819978973187
782287342954577920
881608603941163008
297894325
2155704118
119185118
1067819381063892992
1063943517448351744
1415980032
403177236
757448923
768978286097604608
2261734104
2587206618
162664492
3872571495
835059328369496064
791728564978745345
608160218
105516405
1001898058072969216
1680057186
863766152790593537
2159042724
963040309625188352
952261529763708929
85062283
463801170
993588368477966337
1295413063
837540284
2372986356
2485061834
302144945
2983299850
1018965783492296705
959371803977289728
714596025210679296
705216156
416224471
2563943208
817793446685671428
2929531755
520293433
2492844002
3028623077
433286517
1033234432830976000
2499129970
552067331
78828317
1171441514
2832113912
51492825
433668823
610997200
1071704911
727249181295972352
1010346169497718784
310840009
25487280
2200826155
267325494
999950844748619776
66958904
820310124141150210
3327863325
609180823
133244449
4286539697
818152050034962433
407609912
808704547464081410
452873637
1000365343838294018
2527981675
1000031536731828224
2850134163
837731682
2165536320
1016971712
904673962365464581
508595172
3368627117
47664270
129519248
406382635
558817773
296340185
786224031959777280
281003551
2500406733
981921214879948801
1132178174
387844124
972060359703040000
92255337
51452203
293606418
365386640
2776344684
4850063765
997702225689563137
456932394
22474856
366508191
98201345
738823398
2754803180
50330543
1001733712969699329
2474151261
1267207880
90907629
712012273
336389403
4055334316
2289210453
120739766
1636699458
1348789028
4462241116
2673940699
48404973
764895946652127232
2909341803
981302491198447616
2438796593
2931596365
2533241748
2502935514
3450234814
301590216
3471398361
438436643
1144426669
405523587
103263452
147483112
1045798594832420864
410260394
148823583
958678487707148289
3242960469
2939776083
859516499169554432
3717807496
1066442213591273473
1957756670
605439639
3807291376
3201629884
304342684
983516681380261888
606419739
1000778000332476422
2542610834
776138451460628480
2192887524
741671168541884416
1217211006
2665555897
977199270
913409492548714497
199844179
26514883
2913533458
1009135357277949953
1526322619
1598398932
829390100639387648
592260852
217939965
1025239558651240448
838736685458419712
33535467
3233637785
484884270
3091567133
1186426790
29225483
616633383
16293020
116351490
1053083812417089536
627014279
953490812825939969
25987417
35483977
120139457
822953514204798976
25376730
1122618098
59014534
905042858561953793
130127664
807933043
130635990
418034772
2808314458
971332907532017664
1083056246
20737589
4504978694
764962094
1440687583
1058348328356855810
2312422305
376836413
18074933
2985389782
1026876573876539392
1747957620
125308100
356855994
474442796
84114313
130134063
428800081
438379556
865990739917930498
1012599186632724481
30670965
3871039042
531485755
765958410
381397839
27649492
16715269
43500507
738619570122936320
3314849262
2302471952
2333399166
376971036
899906745882918912
711338033
1116437030
261055378
464352078
1021213055919828993
737315174047219712
2197377807
267388396
913051164949671938
921507104946470913
348825929
719303077522751488
359057469
701212394794696704
1489879146
968800894983680003
781091403539546112
891801871278424064
60355726
110252451
820378769412210692
1128481866
2288903262
1351920236
47884338
1007090293567557634
236678195
1588823701
55554755
22987426
1173094423
22256515
120124982
324049175
323855592
1615924736
2196488120
414102745
41413323
3270951991
69797436
730237480591593472
42954764
16171625
769695711541784577
138242165
544489715
160491775
281813715
123736211
21693961
1033395076540628994
3273234654
1266925812
1044031247767334912
819295871741423616
73725038
29614184
27669610
93794912
439551065
19485684
3243866954
1040990858831699968
172680398
3707344872
276018835
250250753
1658365560
42626710
291700794
94267227
1050125216435855360
411349665
19765236
4819584491
586782027
316230034
2174781979
957596459947487232
761229461626945536
195271137
4640068232
1012635092500525056
531366924
759262933700472832
1001399195280883712
24452341
1014450723201994753
189687100
161410573
906941269905113089
451980574
522401321
358726185
706849123002032128
2867091382
4462243045
367653449
32333264
3291222656
237890497
927889054280151045
2186206505
2269420723
233699418
478964936
15725200
15549932
25636705
1534591266
424964936
1451213641
199223555
472160437
47164575
2258608372
264700007
2851712417
1063097951420116994
16380856
3056898207
237092942
932093343751921664
1891452366
720578390651056128
88570541
139955550
2836404338
145126777
44933131
29209549
3270633930
892083721
2778535962
623435919
1041792466222047234
1044006363364569088
518717450
16823006
891343446493077506
21304852
8502782
114975624
4769427628
2153633792
967498172431044609
991325760
956569908
497805357
3298498120
952171052481892353
883719026920357889
4240465876
1919089554
1093739029
94919819
306596132
548733416
43654692
811121437
913371465608654848
3237679130
862570662216384512
160363939
1377703824
742792008
4312682234
777418493255835648
817576192609918976
2454203706
4502035586
459559402
244466354
224687945
159000733
71238827
146352442
2716787616
178319836
962620371093483520
94764838
345320553
1024476692054720512
3270062166
77576310
4893757961
284502870
137344900
2928373052
3313464050
2833928513
109414652
890354526
55604021
169314805
302815409
881771125553872896
15981964
1026511547579944963
443666224
2330545845
3179555459
2461404524
1262437848
1331816588
882276333291786240
2295823371
160874500
2323574464
43165915
1056302323629211650
885267720908001281
1388054994
3295622919
80235962
1053101341
348967572
3433127441
1596736940
926084706902446081
521319299
405896216
2333758624
829380795823431680
878894067001815041
986958299387125760
753151647606566912
906845360680849409
1241479087
234699719
3547490235
22076526
42851948
108896473
2220363189
4886537932
788732012
1088849732
2980844966
311645387
397364826
380321514
1324980691
756205758421794816
957683287912255496
763608548
2167033801
47905283
273101809
335823685
853305013132722176
1536626149
1067108527934722048
14321981
445650145
2817470251
838330200400216064
1192767230
448262135
424449711
1005447047888195584
284937554
133459379
568651462
911463263946334209
250568386
1681315681
4055274436
465495809
2751263817
17781566
1725065726
2485536865
2703648893
79569980
2254947234
25740268
3361053269
4895959769
863400695013285890
300559998
825038032332009474
848263951574073344
493235792
2232174053
1249201345
325435652
219680453
860192546689036288
1222790774
931942172856868866
704989288782548992
2432011864
4210049290
1066007828937302018
845301115302350849
1058054328718647296
2429994053
1037591895067770881
67408910
747514826080006145
53022882
3009593170
586885038
3403909113
1601804820
3290161505
921706151527550977
1480113194
1059591027722465281
937153013889691649
3817565999
143793654
863878714328850434
1041992498275672065
1037704527070289920
1478224232
1567849861
2212696098
1491247968
368404814
2584211335
309146619
10804602
40301992
466628138
3892735277
361388805
771265363702976512
4705602434
319735845
155873088
3093273071
821342821
505818442
85613479
3252525507
209743809
2345547337
71578748
223719414
2279607277
289705143
59455818
200893491
4093064578
853090723167711233
525331072
714183361888141312
559023147
206817824
69919470
95418354
3424404081
1373991758
357245111
261302818
562762571
332270683
28724035
2993268047
29200012
607400366
583216251
3040345364
211538389
1230901662
1020524384
20256714
343053504
143818186
185302792
242506295
3135148227
78336585
86425142
2302320655
2440779752
29304563
467709390
1527406958
20839739
708027133
755501903539240960
896523848
1314176918
68758117
230368544
2738664677
2434844751
765177124730929152
2828630539
182642639
92668156
239481705
77234258
166231604
1068500195770388480
3319489630
35884291
26149705
15109256
1050055015631609856
1978886502
256704155
52125655
118768447
3062133394
1014015888
757379532475273216
2955466150
151192794
31016249
314634689
109167644
89475226
126390990
333972747
707307657271574528
1268663162
193075224
191301904
1243599300
57661701
1392378096
14788211
262267551
169484874
108289504
3460594157
392396557
1014532957
1323391406
3239037702
489921636
1069998185001701382
360147751
1220321250
355652192
1260031100
2231994073
1054078753117216768
897794528454729728
273811741
1201479476
824215003070873601
3147337672
4853887003
3893105899
148747952
1072852788613308416
736798193460097024
707962602589007872
328944465
2954260134
930315071225393152
2726815867
791061722559680512
872584785641717761
2975099630
844527757174333441
182489681
206269293
747494995528126465
865549721074491393
30693591
819558823480262656
2476294740
2677083519
1062565493976948736
828994808387686401
949814887277936640
1024419758358388738
16912132
2577283387
796519526909120512
2694417877
1722257462
180021303
104374719
128984749
892591444359168001
4809469950
1326879763
945287781047087104
757206448807882752
24046130
1022314830248599552
17249962
1073167942060105728
936912220042260480
732164785077428224
920246081371430913
800009955403149312
542442369
1416806334
1046241578023448576
3238060357
890895202780446720
2392083576
35414158
823879838247321601
2548484226
1047101742997860352
955910644720635904
1045099468318683136
36434535
189524913
145853354
999202747395129344
1050623361276030978
837621904240320516
371927644
808162303
4387968132
966692613569970176
926955891743772672
146443544
240315923
718449803781275648
1036093772403113984
917778171864293376
38697237
4715995101
199170218
133073877
757766405865418752
2988962099
918686490929983489
20956335
757388490157924352
839926041539915776
702191416986853376
742258749906161664
1009417201625939969
747611261114814464
139362842
827565057479368704
3855730272
1384723825
888020125852377089
21505776
2892781532
998406841619988480
437089244
922140469110255616
2580780920
208805602
231686645
1010358925781184513
1068877133559164929
29432315
352173380
16289549
1052597959731421185
2289621948
943912697002729472
873792817339916288
1495640209
180835388
787261826874519556
3068269458
932487333902823424
978230331340828672
896759884057788416
2565328384
1023915177475944448
820252458131681280
803019708064731136
2581292863
55650291
33878909
4918043898
767561116847214592
889069874315632640
3287286498
936642170106159104
271827363
941958804500971520
1002146357614821376
2999639392
475585621
906910667973656579
947908634
332244710
125317939
236658749
4880357681
783011951374962688
158037426
46346277
5922292
175743094
2909504040
2500953853
3248050639
1028668586804502533
182765248
3228423782
59849305
2220463766
976946709514223616
245672682
4977
199995719
724040690343268352
728379170128957440
987569213224116224
720466248363073536
779600374802112512
2334268849
1150799412
136200007
369339656
2241331447
2741524471
284790252
731653468918702080
213401002
367862975
287648274
966548425331257344
1052895002475417600
63774675
899918014128111617
229811791
101190496
110533461
70146170
890857833813749760
18677820
144220425
331623125
966840711306866688
780415672014675969
3166596829
891532565940543492
3177749048
804680637537873920
1060967034740244481
752542654525616128
587412090
1063672498003181568
335212300
119349047
1025896955556159490
231415529
795335987354185728
947398109105025024
39467440
123848777
1058191436149977089
1122274952
914093653907214341
937350045652758529
913321601139015680
1030426862147620865
782876324880932865
1068706344
585402723
904269925199446016
113182451
438293942
84889513
1459202436
126803858
212159535
20756649
827182422303334400
984116964745293830
970030134626369538
2615170644
1054399318264819719
65621800
847468086273888263
972675390274658304
3895512919
2929865648
983860123306086400
394885424
969675613
928545810660311041
99264495
2513391332
98717052
165788038
574227047
1064607919470256128
553178218
843198602
966222893003649025
180339496
1005824647
1488201068
307990776
2889689065
2776720860
1065363757604384768
380307007
2295997100
3413381592
1201317187
273989379
830124248266002432
1060210455212367872
285131554
1932878996
856118148281638912
282670441
3382339152
3156669540
2976744895
1361736697
163465331
959497270193475584
1044548373980876800
621976443
993623150733619202
1048862881993785344
1030832678113816576
2398420334
2606413836
1057765068345987072
401082768
1438617074
1585920649
191906049
51853359
388018143
925828100306464768
1071699388832067584
586471382
930980501921370112
866551746985852928
907728695607136256
584966540
1072195616351154177
753002808329248768
610180096
1055400258
897412092562739200
580690746
715159787307184129
1065303032118824960
3646181062
287632209
2879885120
868570656228638720
2444430285
824083397358264320
1332479916
1063247264775172097
725736075168210945
504915568
435972015
448294860
261295454
111885502
3788902334
326734239
82705939
996555152575422464
1606760786
384698354
1064961245458124800
626416373
772235005
1616148643
807719223640387584
2956802733
1017508026360754176
167076328
702768357905403905
156436564
162837288
980195960
1073952602063339521
3058493867
222805176
932755227043860481
102397312
1101614966
220488844
207671093
955326868533731329
913061404760055808
1020854772172312578
544691853
759989656079437824
1099819566
867821863979724800
908858917345726464
926767742832668674
192676016
1963311727
745692986
1537209913
2935969786
1032277556786081793
944939401
805054639
1037157702521249792
365506670
280297709
3251622748
624230336
2734303617
1032624996315750401
2834371301
1557805244
248455537
914227200848691207
798695761
283460044
395615924
174363063
74066731
957831278744698882
929982268105478144
783306193
934971676441436161
142065462
2879181706
636672535
381403174
2675047904
545349284
179174857
1281098269
890269860189675523
894218594246111238
886307935722373120
2362295570
447527160
104710879
3222330299
1048575437876678656
417838684
444129499
1192756214
558942751
1034577577464266752
281607385
756170867688640512
2226454334
30718220
171194184
3722917353
836331940861075456
259362889
310378021
139254278
1027293529
573574080
141399949
1003699120987570182
2419584968
1594809878
748170082975526912
203681429
1355879971
512275191
3154177510
58001665
1039679143863037958
762361898
159158075
217149132
168549520
561037288
1921188956
190447546
961646804432572418
118865514
361949891
525771225
2729481695
87564551
918173466603515904
391597586
64243422
883506237505249280
957267082814590976
923324381299970049
3071532635
922887363650637825
562956466
274658123
2426190908
211901572
527724041
221666771
256538855
262233743
1120624310
1330522567
160455712
119531213
3237343817
911181444
405499878
774136579
2617064401
1006012474087346181
7583052
3245506636
4433455763
3677532623
937151984
600183349
2389406542
783635588981354498
1276351730
1398125642
244280163
1025995659495632897
202352090
867158770505441280
176559863
221473056
906702867800653824
299056983
1396557896
329610869
819206792404209664
261168296
895701921129955329
911008333825536001
230134569
1047301783549353985
1077399966
144574957
299436299
169085287
2367420702
2767192002
1073430271414939648
275258591
966416855194841088
1040445757604732928
2701192392
3569808675
1433585718
146675902
76593802
1044470238
956093766
58524111
902725565039484929
560390731
308477465
925049030031405056
974638207034937344
159305878
372483282
349940348
508955433
1046435132079591424
4503969917
116775481
742489666348277761
4627516295
2872921862
948930875579928581
720393462969974785
4585362154
3289283427
144334599
30107106
3091731389
2467582074
164061619
35282298
1045270165666123777
199149077
831581368584896512
60176369
4630503857
1001482645673594881
1627009010
260484012
5278851
1581360337
874250687399460864
1892066220
439448551
156662195
3558689057
274543332
976159446907981832
337388834
174033434
1706208780
868837238909665280
3097206075
572915909
112514283
2955131987
827058555635265536
3021223347
770897839836790784
2370435626
2472206363
3382475380
579959682
368236054
711606340607672320
433456296
4874617353
720610932213288960
236525811
3295576337
1001804163792203776
810163869293432832
2327154704
2752413621
182280857
921188335737098240
876556347327868928
738485161
583954892
3390961821
578683134
325747484
325559636
433493058
937316709324787712
936569855884578816
1867148083
4395162321
2968158357
250337833
204681440
3045145750
1051059734860783616
950386808600317954
862928280336445440
531070382
391029481
2719694969
3541864335
1051405538200866816
4193354932
715850236
2389519466
399639479
762389069825531907
2604689314
486893546
1431287761
880720603
3562965317
919596923375575040
835129836360384513
894931572
51300677
3901532307
4873812449
2166899708
2413237631
745364914789826560
606639004
360668000
1010637550665584640
2715466991
272028342
1957640269
753642030
1326646658
850709635036303360
1066274961772462080
66661101
1394013944
510943599
1871021786
3419976651
996610560451104768
284985645
4806294383
832576389673009152
254065368
1675740746
712807578
598482763
2338290175
467030775
989252676134297602
1526871216
241124527
1265330317
33164011
837088963605237761
200498351
214529763
1599280088
549166917
866660484824657920
140986041
1002157899181944832
114216494
143902351
749710800923885568
817072138930765825
844484542232776705
822109626502094848
3080392503
498171920
1000377662366539776
886590931725692928
964083780095967234
6463652
3160911171
1012834381269004289
774653028
329893018
802433526
565781998
23152434
986979805907374080
4766390804
438470616
2268809993
3230616875
586466844
375519660
324282649
1387541791
2633590222
700673358598316033
776066866146074628
858618593038155776
329832818
1460124512
236084014
2683385277
3252297213
18368951
19795729
401128059
42797629
242051914
1610276624
977181027260125185
2183520866
99852164
92157633
626682905
294856355
216438561
76438065
81943417
860549960
163770896
15396261
292774537
875853624940929024
632545500
3987248697
941214135991373824
14786925
68798863
2366212485
5558802
1007083461679697920
151177315
950839708183089152
764806941084381184
931289130
22896061
50627116
329975688
284708856
32272914
539595601
48867971
789753060
991789981134983168
57141122
734823716249567233
29125428
339301562
980058572
3511819584
273613845
951019013777211392
4499651602
3170463794
2787059309
1473139992
845905071418204160
599880961
171844963
15335327
62526165
36883889
815256108
792395212136017920
314607382
21115760
939490722155077632
89851772
4179102563
3197770658
514974163
1047334926561886208
799124665
10221
112525477
20808507
1058874126838841345
1079848793691041794
146536983
805781030
2513278904
40601552
4900223230
991843922086264833
781527658379169792
4509672973
18742360
1025513274
74320033
250102803
186087731
733292413444337665
783355943199256576
1035236822085861376
118518879
125811621
561441123
142905425
4338277815
144031017
609462982
4892806570
199910683
2155567951
1002306686
424340141
172943205
28277667
967485037959577600
26410697
1169286608
4417631620
1475711286
21244056
4506050577
278893199
320474588
146746740
105812117
769699378026074112
996902157839355905
20263643
538330505
20151907
110751016
55710693
13296612
45509188
948904325950132224
30333959
1537146930
25586774
2956683622
347883104
3251942749
183471112
624435444
1278717865
60681940
900038696438611968
1759181
841362265
